Barcelona	30,6,2,95,21,74,96
Real Madrid	29,5,4,102,33,69,92
Valencia	21,8,9,64,44,20,71
Villarreal	18,8,12,54,44,10,62
Ath Madrid	17,7,14,62,53,9,58
Ath Bilbao	18,4,16,59,55,4,58
Sevilla	17,7,14,62,61,1,58
Espanol	15,4,19,46,55,-9,49
Osasuna	13,8,17,45,46,-1,47
Sp Gijon	11,14,13,35,42,-7,47
Malaga	13,7,18,54,68,-14,46
Santander	12,10,16,41,56,-15,46
Levante	12,9,17,41,52,-11,45
Zaragoza	12,9,17,40,53,-13,45
Sociedad	14,3,21,49,66,-17,45
Getafe	12,8,18,49,60,-11,44
Mallorca	12,8,18,41,56,-15,44
La Coruna	10,13,15,31,47,-16,43
Hercules	9,8,21,36,60,-24,35
Almeria	6,12,20,36,70,-34,30
