Barcelona	31,6,1,98,24,74,99
Real Madrid	31,3,4,102,35,67,96
Valencia	21,8,9,59,40,19,71
Sevilla	19,6,13,65,49,16,63
Mallorca	18,8,12,59,44,15,62
Getafe	17,7,14,58,48,10,58
Villarreal	16,8,14,58,57,1,56
Ath Bilbao	15,9,14,50,53,-3,54
Ath Madrid	13,8,17,57,61,-4,47
La Coruna	13,8,17,35,49,-14,47
Espanol	11,11,16,29,46,-17,44
Osasuna	11,10,17,37,46,-9,43
Almeria	10,12,16,43,55,-12,42
Zaragoza	10,11,17,46,64,-18,41
Sp Gijon	9,13,16,36,51,-15,40
Santander	9,12,17,42,59,-17,39
Malaga	7,16,15,42,48,-6,37
Valladolid	7,15,16,37,62,-25,36
Tenerife	9,9,20,40,74,-34,36
Xerez	8,10,20,38,66,-28,34
