Barcelona	29,4,5,112,29,83,91
Real Madrid	28,6,4,110,34,76,90
Ath Madrid	28,4,6,63,18,45,88
Villarreal	18,10,10,44,35,9,64
Ath Bilbao	18,8,12,58,45,13,62
Celta	17,9,12,51,59,-8,60
Sevilla	14,10,14,51,50,1,52
Malaga	12,12,14,38,35,3,48
Sociedad	13,9,16,45,48,-3,48
Betis	11,12,15,34,52,-18,45
Valencia	11,11,16,46,48,-2,44
Las Palmas	12,8,18,45,53,-8,44
Eibar	11,10,17,49,61,-12,43
Espanol	12,7,19,40,74,-34,43
La Coruna	8,18,12,45,61,-16,42
Sp Gijon	10,9,19,40,62,-22,39
Granada	10,9,19,46,69,-23,39
Vallecano	9,11,18,52,73,-21,38
Getafe	9,9,20,37,67,-30,36
Levante	8,8,22,37,70,-33,32
