Barcelona	30,4,4,110,21,89,94
Real Madrid	30,2,6,118,38,80,92
Ath Madrid	23,9,6,67,29,38,78
Valencia	22,11,5,70,32,38,77
Sevilla	23,7,8,71,45,26,76
Villarreal	16,12,10,48,37,11,60
Ath Bilbao	15,10,13,42,41,1,55
Celta	13,12,13,47,44,3,51
Malaga	14,8,16,42,48,-6,50
Espanol	13,10,15,47,51,-4,49
Vallecano	15,4,19,46,68,-22,49
Sociedad	11,13,14,44,51,-7,46
Elche	11,8,19,35,62,-27,41
Getafe	10,7,21,33,64,-31,37
Levante	9,10,19,34,67,-33,37
Eibar	9,8,21,34,55,-21,35
La Coruna	7,14,17,35,60,-25,35
Granada	7,14,17,29,64,-35,35
Almeria	8,8,22,35,64,-29,32
Cordoba	3,11,24,22,68,-46,20
