Barcelona	26,9,3,90,36,54,87
Ath Madrid	22,10,6,55,29,26,76
Real Madrid	21,5,12,63,46,17,68
Valencia	15,16,7,51,35,16,61
Sevilla	17,8,13,62,47,15,59
Getafe	15,14,9,48,35,13,59
Espanol	14,11,13,48,50,-2,53
Ath Bilbao	13,14,11,41,45,-4,53
Sociedad	13,11,14,45,46,-1,50
Betis	14,8,16,44,52,-8,50
Alaves	13,11,14,39,50,-11,50
Eibar	11,14,13,46,50,-4,47
Leganes	11,12,15,37,43,-6,45
Villarreal	10,14,14,49,52,-3,44
Levante	11,11,16,59,66,-7,44
Celta	10,11,17,53,62,-9,41
Valladolid	10,11,17,32,51,-19,41
Girona	9,10,19,37,53,-16,37
Huesca	7,12,19,43,65,-22,33
Vallecano	8,8,22,41,70,-29,32
