Real Madrid	29,6,3,106,41,65,93
Barcelona	28,6,4,116,37,79,90
Ath Madrid	23,9,6,70,27,43,78
Sevilla	21,9,8,69,49,20,72
Villarreal	19,10,9,56,33,23,67
Sociedad	19,7,12,59,53,6,64
Ath Bilbao	19,6,13,53,43,10,63
Espanol	15,11,12,49,50,-1,56
Alaves	14,13,11,41,43,-2,55
Eibar	15,9,14,56,51,5,54
Malaga	12,10,16,49,55,-6,46
Valencia	13,7,18,56,65,-9,46
Celta	13,6,19,53,69,-16,45
Las Palmas	10,9,19,53,74,-21,39
Betis	10,9,19,41,64,-23,39
La Coruna	8,12,18,43,61,-18,36
Leganes	8,11,19,36,55,-19,35
Sp Gijon	7,10,21,42,72,-30,31
Osasuna	4,10,24,40,94,-54,22
Granada	4,8,26,30,82,-52,20
