Ath Madrid	28,6,4,77,26,51,90
Barcelona	27,6,5,100,33,67,87
Real Madrid	27,6,5,104,38,66,87
Ath Bilbao	20,10,8,66,39,27,70
Sevilla	18,9,11,69,52,17,63
Villarreal	17,8,13,60,44,16,59
Sociedad	16,11,11,62,55,7,59
Valencia	13,10,15,51,53,-2,49
Celta	14,7,17,49,54,-5,49
Levante	12,12,14,35,43,-8,48
Malaga	12,9,17,39,46,-7,45
Vallecano	13,4,21,46,80,-34,43
Espanol	11,9,18,41,51,-10,42
Getafe	11,9,18,35,54,-19,42
Granada	12,5,21,32,56,-24,41
Elche	9,13,16,30,50,-20,40
Almeria	11,7,20,43,71,-28,40
Osasuna	10,9,19,32,62,-30,39
Valladolid	7,15,16,38,60,-22,36
Betis	6,7,25,36,78,-42,25
